0.004399 -0.458920 1.787084 0.126512 -0.941007 0.138515 -0.751937 0.494534 1.942975 -0.540116 -0.772776 0.837378 1.117976 0.042126 -0.410561 0.030442 -0.562389 -0.623418 0.039535 1.470049 0.653616 -0.152309 -0.329985 -1.150882 0.085609 -1.059338 1.578260 0.320776 0.341298 0.620534 -0.775154 0.116609 -0.921386 1.249431 0.736994 0.174361 2.075458 -1.445972 -1.166564 -0.427483
-0.544215 0.723552 -1.130399 -0.972588 -0.459950 0.910321 1.052806 -0.459927 -0.123809 0.607129 0.756235 0.083510 0.243183 1.395401 -0.422105 1.873587 0.336391 -1.779394 -1.460608 -1.862193 0.456277 1.441628 1.255689 0.913074 1.233837 0.031348 -1.007199 0.678047 1.268142 1.469980 0.881989 2.124709 1.582505 -2.270949 -1.456463 -0.949148 -0.470659 0.808118 0.875667 0.585743
-1.952420 -0.391803 -1.200451 -0.315864 -0.814082 -0.323207 -2.048110 0.268140 1.651066 -0.876603 0.285020 -1.669988 -0.053194 -1.733906 -0.874560 0.858130 -1.116704 -0.740679 -2.219311 1.702782 1.170183 0.599743 -0.255179 0.062959 1.384153 1.758000 -0.689292 1.271835 3.533854 1.582951 -1.357160 0.096752 0.792903 -0.122750 -0.638105 -0.937970 -2.024732 0.694932 0.112243 0.335221
0.610420 1.215809 0.947795 -1.738377 0.342369 0.184384 -1.176319 -1.133097 -0.374405 -0.457896 -0.126145 -2.330739 0.460262 0.109018 0.082206 0.340823 0.680493 -2.124336 0.353730 1.254391 0.353506 -1.905108 0.733402 -0.758199 0.438578 -0.523876 0.064932 0.388378 0.441272 -0.712029 0.730494 0.819684 -0.539064 -1.306865 -0.588912 -0.533578 1.638171 1.209465 -0.140093 0.844568
0.080486 -0.202729 -1.398697 1.271971 -0.646264 -0.909050 0.585503 -0.799098 -1.459594 0.699103 0.282145 -1.333029 0.662969 -0.259200 -0.794561 0.799318 0.256471 -0.290566 -3.023446 0.259618 -0.625045 -0.784533 -0.620781 -1.304175 -0.585956 0.916591 -0.646761 -0.202798 0.574293 -0.784916 -0.830491 -0.670880 -0.230858 -0.859152 -0.293984 -0.163623 1.774990 0.371017 -1.128652 -1.108206
-0.368702 -1.068945 -1.005464 -0.303641 0.289639 0.506002 0.107320 0.536503 0.541837 0.234193 0.518486 0.461952 -0.356909 0.062397 1.160426 1.043763 -0.141510 0.412746 0.844222 -0.854425 0.294186 0.558711 0.897776 -1.715905 -1.354704 1.824097 1.524621 -1.602316 0.428515 0.445033 1.223886 0.322841 -1.607494 -1.059309 -0.205841 0.651255 -0.927312 0.524220 -0.992046 -0.782351
0.169144 -2.165977 0.203690 1.338652 -0.372560 0.553520 1.003293 -0.084348 -0.010712 -0.131893 -0.829711 0.457427 -0.351790 1.014285 0.849684 -0.858102 -0.875813 0.909715 -0.693683 -0.446622 1.515094 -0.638199 0.686768 0.170634 -0.155327 -0.536544 -0.365389 1.101300 -0.491645 -0.918656 -0.062423 -1.900176 -0.069582 1.852904 -1.284368 -1.246479 -0.362178 0.355309 -0.695816 -0.065909
-0.273048 0.110187 1.509150 0.100844 -1.309054 -0.824500 0.923990 -0.003171 -0.444068 0.852541 -1.310648 1.159754 -0.581151 0.735474 -0.437509 -0.434377 -0.169511 -1.162247 1.270331 0.921714 0.586135 0.465331 0.310452 -0.868074 -0.463734 -1.194554 -0.730105 -0.531946 -0.376337 -1.756848 -0.784938 -0.497635 0.788998 1.142545 0.191437 -1.927063 0.064754 -1.026957 -1.221038 -0.796114
-1.251207 -0.471408 0.228020 1.710038 0.267106 -0.624544 1.033725 0.296602 0.904736 -1.593810 -1.497548 -0.311711 0.524070 -0.692984 -1.150829 -1.391684 -0.064769 0.139157 -0.168545 1.166997 -0.741631 0.981950 0.682161 -0.283339 1.042318 0.974198 0.551321 0.143179 0.015172 1.135553 1.142859 1.050639 0.534899 0.979437 0.144436 -0.098611 0.025347 0.872443 0.515298 0.101926
-2.024363 -2.034585 1.009424 0.130957 -0.973891 -0.156565 1.204117 1.198771 0.183839 -0.717198 1.067051 -1.149571 0.144067 -0.234985 1.577887 -0.306325 -0.536897 0.555031 0.000772 0.588903 0.155342 -0.352907 0.235038 -0.565363 -1.239430 -0.351506 -1.044702 1.311594 -0.657219 0.108257 1.244847 -1.547008 -1.092584 1.136131 -0.076887 2.050065 0.028048 1.195312 -1.205539 -0.605142
0.204620 0.696213 0.252619 0.705546 -0.816333 1.198413 -0.294257 -0.303700 -0.571481 -0.378307 -2.038405 -0.656612 0.629393 -0.005211 0.365139 -0.177244 0.686576 2.128993 -0.934969 -1.095023 0.636936 1.240804 0.861848 -0.417550 0.987443 -1.004498 2.065739 0.050586 1.307162 0.143666 0.399915 -0.528709 -0.319298 0.373865 1.204572 -1.559020 -1.031832 0.154733 1.912910 -1.933613
-0.323745 0.877120 1.410877 -0.093892 -1.535963 1.703731 -2.082577 -1.022837 -0.674303 0.852556 0.332834 -0.199786 0.453890 0.300857 1.868804 0.329910 -0.762265 0.034601 -0.624974 -0.738406 -2.166905 0.564592 0.333941 1.995845 1.059332 0.645638 -1.931208 1.195206 -1.000334 -0.961239 0.548421 -0.308077 1.174962 -1.293048 -1.489208 -1.469746 -1.576981 0.195213 -0.526101 1.372118
-1.250136 -0.332396 0.493172 -0.802211 -1.064026 -0.705057 0.537215 -0.979058 -0.054585 -0.618784 -0.396054 -0.149193 -0.942050 0.216346 1.285841 -0.215662 -0.675182 0.305463 -2.758788 0.703693 0.327372 0.607633 -3.560398 1.155282 2.372503 -0.060317 -1.127872 -0.077192 0.550259 0.674625 1.332978 0.468915 1.572029 0.360292 0.556335 -0.486735 0.010280 1.504643 1.272362 -0.285935
0.241295 -0.822111 -0.271600 0.042981 0.058003 1.339270 1.290704 -0.721411 -1.034013 0.824697 2.130385 1.050503 2.065296 -0.495687 1.197538 1.668506 0.104506 -1.470837 1.015115 0.556179 0.392068 1.050472 0.071166 2.375839 0.373355 0.561747 -0.271642 0.483611 -0.407614 -0.526943 0.817119 -0.669615 -1.223371 -0.591453 1.069498 0.678498 0.507133 2.046201 0.888947 1.005361
1.319011 -0.483542 0.389036 -0.681785 1.179092 -1.696966 0.040541 0.603375 0.081662 -0.339987 0.223973 -0.608568 -0.150601 -1.076453 -1.025768 1.199072 0.651490 -1.139705 -2.043433 1.657179 1.526860 0.116732 0.474529 1.614547 -0.032601 -1.180444 -0.138395 -0.522027 -0.722390 -0.877387 0.077317 0.967707 0.293472 -1.482655 -0.056160 -0.710295 -0.223876 1.441639 0.828569 -0.946729
-0.997971 -0.098622 -1.264486 0.708815 0.429706 -0.634117 0.044108 0.751351 0.619924 0.374269 0.269737 0.725846 -1.418290 -0.705372 -1.368938 0.900840 -1.405957 -0.615052 -0.697015 0.171017 -0.736330 -0.902200 -0.171982 1.278671 -0.881815 -2.923252 -0.776107 -0.782455 1.230970 0.887086 -1.266011 -1.434129 -0.214530 1.190170 -1.538425 -0.495341 -0.917645 -0.721061 0.254215 0.634332
0.296706 -1.137921 0.008385 -0.088457 1.621097 -0.281409 -0.440407 -0.865131 -1.531461 1.729191 0.141521 -0.043292 0.121833 -0.790121 -0.438444 3.030157 -1.442857 0.686592 0.438129 -0.739458 0.350595 1.174465 1.173678 0.546135 -1.707926 -1.421928 -0.351874 -0.621483 0.080267 -0.191558 0.009291 -0.218704 -0.246025 1.616733 0.694417 0.790016 0.125416 0.986638 1.038641 1.205898
-0.063217 0.172612 1.162445 -1.056632 -0.891936 -0.729005 -1.228092 0.596679 2.076586 -0.491887 -2.296150 -0.486089 1.375045 -0.769651 -0.285431 0.152121 0.778138 0.772444 -0.132103 -0.626156 -0.566892 1.248467 0.973189 0.300087 0.796006 3.080453 0.780954 -0.886693 1.288868 -0.391023 1.145431 0.264046 -1.141791 1.851821 -0.480129 0.489387 -0.778899 1.835992 -0.400481 0.001143
-0.661348 -0.040652 2.006613 2.703988 0.602690 0.244949 0.242075 0.971279 -0.941956 0.751392 1.860492 0.058181 2.290350 1.289415 0.175664 0.348098 1.010465 0.155030 0.142880 1.487576 0.215025 0.447802 1.681790 -0.256533 -0.962150 1.213109 0.966542 -1.506757 -0.133421 1.218536 0.090345 -2.107646 -2.092970 0.034063 -1.385421 0.378567 0.720594 -1.751517 0.138373 -1.754842
0.663413 0.108192 -0.187178 0.524740 -0.956934 0.210543 -0.494697 1.034737 -0.690099 -0.700839 1.158362 0.290678 -0.669424 -1.554964 -1.473991 1.545046 1.568210 2.460738 0.487509 1.276021 -1.038311 -0.684793 0.146771 0.606585 0.096583 0.183053 0.575336 0.098910 0.278223 -0.090596 -0.686064 0.997123 -0.476447 -2.713762 0.689744 1.586754 0.277488 -0.736440 -0.563754 -0.654133
-0.155174 1.677767 -1.375772 -0.368269 1.025601 -0.352428 0.026489 -1.021291 -0.922229 -0.667064 -0.074206 1.160212 1.521346 0.385363 0.116775 -0.406149 -0.605277 0.863323 0.532623 0.196804 1.739980 -0.758366 1.349685 0.788519 0.567518 -1.008459 1.292479 -0.911901 -1.068832 -1.133362 -0.997955 -2.472931 1.327547 -1.221714 0.920738 0.714538 -0.397823 0.047807 -0.420004 0.373459
-1.145705 -0.458071 1.356479 0.549343 -0.465943 -0.942763 1.228864 -0.811361 0.540021 0.362562 -1.432238 -0.228294 0.554996 -1.988793 1.210085 -1.394859 -0.617600 0.646853 -1.791142 0.002198 -1.692598 -0.111165 -1.372413 0.095119 -0.184339 -0.389731 0.896821 0.081403 0.081190 1.587405 0.387046 0.542881 -0.184922 1.669362 0.472972 -0.063755 1.259844 -0.786422 -0.215858 -0.335727
-1.412207 -2.180279 0.149943 0.030582 0.445572 -0.518085 1.326805 -0.649261 -0.811216 0.502161 0.088197 0.515939 -0.144257 -0.224289 0.062283 -0.210512 -0.710862 0.986057 -0.478334 -0.530766 -1.273302 0.080335 -2.745702 -1.125288 -1.042462 -0.088265 -0.328706 -0.047377 -0.341782 1.932930 1.401965 -0.333992 -1.151084 -1.508304 -0.757141 2.750346 0.024454 0.530110 -0.825431 -1.237572
0.679460 0.470425 0.262194 0.023018 -1.098746 0.912370 -0.060544 -0.402553 -0.738728 0.468139 1.171522 1.928502 0.995921 1.048744 0.716964 -0.757222 0.293439 -1.347293 0.481573 0.343007 0.690205 0.956143 2.184835 -1.369177 1.513970 -0.428563 0.116449 1.231767 0.455947 1.205653 1.076327 -0.458589 -1.136625 0.873106 -0.950976 0.700873 -0.124876 -0.801107 0.628880 0.387405
0.372594 -0.426988 1.427231 -0.469717 -0.682828 1.224717 0.546413 0.255671 -0.246185 1.149168 0.076201 0.762163 -1.250192 0.670073 -0.010775 0.291685 -2.164782 1.251217 -1.156943 0.294600 -0.976969 1.275605 1.530377 1.002924 -0.720679 1.391639 -1.225206 -0.897586 -0.624390 -1.208468 -0.837573 0.428108 0.561560 -0.013983 -0.255767 1.006876 0.508690 -0.373057 -0.491331 -0.482943
0.347470 1.320267 -0.339553 0.299413 -1.689390 1.308299 0.503001 -1.166657 0.210246 -0.604242 0.690465 0.174079 0.200447 -1.571303 0.537287 0.016976 -0.997438 0.093347 -0.410232 0.393469 0.762236 0.359695 0.462614 -0.253856 -1.622407 0.320165 -1.026402 0.189434 0.200572 0.823824 0.060724 0.311294 -0.671409 -0.051111 -0.454673 0.800003 2.219675 0.496458 -0.640550 -0.348691
2.265589 1.121594 1.628495 -0.291216 -0.795442 1.861307 -1.450005 -1.453582 0.429898 0.755351 -0.204284 0.939179 0.700929 -0.775670 -0.089793 -0.882497 -0.386152 -2.747894 0.582258 -0.164603 0.069222 -0.047464 0.762800 0.243911 0.151904 -0.522981 0.133496 0.361252 0.451612 0.052802 -0.072241 -0.923609 -2.522657 2.627613 1.555806 0.685180 -0.630314 0.962193 -0.795865 -0.810942
0.061707 -0.763829 -0.323421 0.491527 -0.461431 -0.068638 0.117165 0.573426 -0.975509 -1.518541 0.841204 0.026397 0.138787 0.764696 2.165775 -1.058622 0.701525 -0.913873 0.157204 0.070887 -1.210274 -1.619377 1.070597 0.361332 0.084453 1.435104 0.235913 0.358233 -1.094895 0.542810 -0.333774 0.328873 0.702929 -0.757086 0.675735 0.571204 0.073260 0.061214 0.009095 -0.676948
-0.605193 0.706470 1.693007 -0.258544 -0.194301 -2.005504 -0.725072 0.537504 -0.379080 -1.200639 -0.183240 0.401539 0.797669 -0.908749 1.117948 0.037245 -0.588225 0.540452 0.673411 -0.361042 0.316252 -0.517780 0.245487 -0.409017 0.933826 2.866452 -1.262831 -0.059342 2.391960 0.478926 1.395149 -0.633654 0.246990 0.220961 -0.126744 0.678623 -0.001005 0.109370 0.048189 -1.213406
-1.009570 1.630352 1.031574 -0.084859 0.006540 0.161761 -0.689128 0.203861 -0.264753 0.207885 0.279414 1.607845 0.604153 0.709068 0.471889 -0.837021 1.003942 -0.480061 0.527959 0.403406 1.239389 0.018137 -0.387940 0.760068 1.231819 1.160608 0.770141 -0.168269 -0.688731 1.366322 1.623013 1.744888 0.251818 -0.268143 -1.137408 -0.160101 -0.752944 1.311119 1.823582 0.435360
0.990919 -0.875115 1.020279 2.532984 -2.225718 0.610182 0.795199 0.649583 1.147996 -0.952854 0.708304 0.098089 0.460185 0.586128 2.042305 -0.261725 0.516020 1.225196 0.503605 0.223839 -0.248154 -0.154994 1.288040 -1.501777 1.201426 -1.321106 0.677471 -0.826777 0.123378 -0.428133 -0.402095 1.683227 2.664516 -0.903109 -1.009428 -1.042171 0.720613 -0.643178 -1.003443 0.361474
1.808611 1.789451 -0.012883 0.109235 2.499049 0.164189 0.677082 0.098337 -1.143404 -0.399066 -0.425392 0.757640 -0.391769 -0.789787 2.334147 -0.159080 1.556236 0.786638 -0.132166 0.668060 -2.004382 -1.939093 -0.529297 1.118480 -1.310275 0.620508 -1.414159 -0.780762 -0.068556 1.402629 -0.537142 0.384438 0.148304 -0.768212 -0.081253 0.721987 -1.912729 0.103021 -1.367472 1.030803
0.004964 -0.720197 -1.517429 2.012177 -0.262187 -1.117748 -0.973200 -0.670162 -0.677709 -2.029618 1.743363 -0.838226 0.067110 0.487742 0.201067 0.863264 -0.087746 -1.155545 -0.349716 0.617367 -1.940510 1.062589 -0.270333 -1.159277 0.554125 1.789630 -0.347315 -0.146273 1.089102 0.892255 -0.867815 0.731873 0.040065 1.405617 1.168997 2.155085 0.311967 0.853589 -0.985793 -0.009181
0.569762 1.865867 0.297935 1.010516 0.884685 -1.298851 -0.135982 -0.843284 -0.043156 -0.141598 -0.166370 0.522344 0.974472 1.361194 1.418975 0.099769 -0.159953 -0.193207 0.662505 0.491812 -0.540889 -0.553179 -0.037566 1.976550 -1.844265 -1.003813 0.199849 0.987442 -0.488636 0.178938 -1.641869 -0.140693 -0.707680 1.267259 0.244830 -1.295101 1.171094 -0.514828 0.437089 1.298582
0.700240 -1.763491 0.244893 0.768560 1.183653 -1.736097 -0.061918 -1.143223 -0.533119 -1.345025 0.860620 -1.377454 0.947151 0.268895 -0.131116 -0.775712 1.991048 -0.106277 0.130601 0.303603 -0.305113 -0.461159 0.496282 0.607372 -1.375159 -0.369722 -0.005420 0.182403 1.033715 0.820796 0.182129 -0.275754 0.482538 0.694171 1.000689 0.423796 -0.227155 0.553604 -0.553555 1.700844
0.466614 1.026837 -0.728458 -0.924587 -0.426786 -1.327455 -0.771048 0.708099 0.760584 0.398672 -0.489451 0.913637 0.007904 -0.433795 -1.500728 0.838184 0.552178 1.890414 0.614003 0.546217 0.723764 -0.969981 -0.225563 1.495547 1.492490 1.735437 -0.474391 1.483730 1.022969 -2.077483 -0.878703 -0.589282 -0.678572 -0.299735 0.734539 0.134460 -0.418665 0.772870 0.436919 -0.915160
0.620769 -1.351297 0.670257 0.632901 0.953526 -0.925228 0.701514 0.904412 -0.363780 0.326387 1.281355 0.690467 -0.038298 0.255061 -1.032029 -0.903000 1.094026 1.064399 0.592141 0.309905 1.260370 -0.073186 0.325942 0.841654 -0.178195 0.687828 -0.288510 0.008623 -2.084179 -0.435817 -1.157490 -0.623177 -0.399703 -0.186891 0.968394 0.084125 1.136820 -0.377546 -1.219575 0.890984
0.104759 -0.579416 -1.618966 0.192632 -0.526792 -1.114875 0.903548 1.063732 0.237243 -0.063249 -1.250741 -0.760615 0.665556 0.936085 -0.639605 -0.199080 1.263674 -1.826005 -0.244598 -1.087965 0.133543 -1.283315 0.004748 -0.784217 2.014536 1.327886 -0.672412 -1.030878 -2.420602 -0.751114 -0.036237 2.308358 -1.814862 -1.721238 0.542908 -1.341324 -0.654234 -0.513220 -0.317692 -2.933025
-0.615742 -1.065071 0.212797 1.090787 0.355847 -0.573688 1.442968 0.283438 0.405016 -0.066598 -0.762666 1.373289 1.390629 1.280910 -0.887019 -2.534121 -1.743320 -0.170684 0.277202 -1.673243 -0.170811 -1.285751 1.008973 1.142915 0.527719 0.840119 1.431603 -0.859077 -0.042836 -1.268351 -0.753153 2.078368 1.155401 -0.486979 -1.065252 1.062069 0.931246 0.483143 -1.038213 -2.024014
0.383906 -0.194926 1.106555 1.076512 0.172209 -0.128051 1.456810 -1.645069 1.277254 -0.496355 -0.950831 -0.527295 1.089488 -0.148707 -1.783184 0.454106 -2.143008 -0.634714 -0.005467 0.855678 -1.274551 -1.006431 0.019362 -0.185502 -0.824869 -0.827458 0.221966 -1.299301 1.233754 -0.089784 0.911091 0.171344 -1.727585 -0.173397 2.272431 -0.114173 0.250325 -1.500709 1.017149 0.426197
